image num: 400;
mean_ori_qualityscore: 17.221051952444853;
mean_res_qualityscore: 12.885734190991407;
