image num: 400;
mean_ori_qualityscore: 9.212776697602752;
mean_res_qualityscore: 8.966642318802714;
