image num: 400;
mean_ori_qualityscore: 17.246608031;
mean_res_qualityscore: 6.97911210045;
